5 4
100
100
100
100
100
------------
200
=================
7 6
600
200
430
800
150
290
301
--------------
800
=============
10 5
300
900
200
201
760
340
100
230
405
300
----------------
1100
===============
14 6
4000
8000
1000
5060
3040
2080
4000
7080
8090
2003
4000
7000
2020
9001
--------------
12000
=================
7 6
3000
3000
3000
3000
3000
3000
3001
-----------------
6000
=================
10 7
760
800
1000
2400
1030
240
780
45
298
1220
--------------------
2400
=================
5 1
5000
5000
5000
5000
5001
----------------
25001
===================
