10 7
1 1 1 1 1 1 1 1 1 1
--------------------
2
2 2 2 1 1 1 1
======================
18 4
32 10 3 87 29 34 50 40 23 91 72 40 65 39 48 16 34 20
-------------------------------------------------------
204
6 4 3 5
=========================
15 13
5 3 1 1 1 1 1 1 1 1 1 1 1 1 1
---------------------------
5
1 3 1 1 1 1 1 1 1 1 1 1 1
===========================
10 3
1 2 3 4 5 6 7 8 9 10
-----------------------
21
6 2 2
========================
8 8
1 1 1 1 1 1 1 1
---------------------
1
1 1 1 1 1 1 1 1
======================
9 3
1 1 1 1 1 1 1 1 3
---------------------
4
4 4 1
========================