1
1

--------
1

==================
4
1100
0100
0011
0011
--------------------
((1101)001)
=======================
8
11000000
11000000
11110000
11110000
00111111
00111111
11110000
11110001
----------------------------
((1011)0(0111)(110(0001)))
===============================
8
11110000
11110000
00111111
00111111
00001111
00001011
00000011
00000011
---------------------

========================
16
1011111100001111
0011111100001111
1100000000001111
1100000000001111
0000111100000000
0000111100000000
0000111100000000
0000111100000000
1111111111110011
1111111111110011
1111111111111111
1111111111111111
1111111100001111
1111111100001111
1111111100001111
1111111100001110
-------------------------
((((1000)110)(1100)01)(0100)1(1(0111)0(111(1110))))
=====================
16
1100000011000000
1100000011000000
1111000000111111
1111000000111111
0011111111110011
0011111111110011
1111000000011100
1111000100011100
1111000000011100
1111000000011100
0001110011110011
0001110011110011
1111000000000000
1111000000000000
1111001100110000
1111001100110000
--------------------------
(((1011)0(0111)(110(0001)))((1001)(0011)(110(0101))(0110))((110(0101))(0010)1(0001))((0(0101)11)(1001)(0001)0))
=======================
32
110000001100000011111111111100111111111100001111
110000001100000011111111111100111111111100001111
111100000011111111111111111100111111111100001111
111100000011111111111111111100111111111100001111
001111111111001111110000000111001111000000000000
001111111111001111110000000111001111000000000000
111100000001110011110000000111001111000000000000
111100010001110011110000000111001111000000000000
111100000001110011111111111111111111111111111111
111100000001110011111111111111111111111111111111
000111001111001111111111111111111111111111111111
000111001111001111111111111111111111111111111111
111100000000000011111111111111111111111111111111
111100000000000011111111111111111111111111111111
111100110011000011111111111111111111111111111111
111100110011000011111111111111111111111111111111
101111110000111100000000000000001100000000001111
001111110000111100000000000000001100000000001111
110000000000111100000000000000000000000000001111
110000000000111100000000000000000000000000001111
000011110000000000000000000000001111111100000000
000011110000000000000000000000001111111100000000
000011110000000000000000000000001111111100000000
000011110000000000000000000000001111111100000000
111111111111001111111111000011111111111100001111
111111111111001111111111000011111111111100001111
111111111111111111111111000011111111111100001111
111111111111111111111111000011111111111100001111
111111110000111100000000000000001111111111111111
111111110000111100000000000000001111111111111111
111111110000111100000000000000001111111111111111
111111110000111000000000000000001111111111111111
--------------------------------------------------------
((((1(0011)11)((0011)(0011)(1100)(1100))(11(0011)1)(11(1100)(1100)))(((1100)0(1100)1)((0011)(0011)(0011)1)((0011)(0011)(1100)(1100))((1100)10(1100)))(10(11(1100)(1101))((0011)(0011)1(1100)))((0(0101)0(0001))(10(0011)0)((0011)(0111)11)(1(0011)(1100)1)))(((1(1100)11)((1100)(1100)11)(11(1100)1)((0011)(0011)(0011)(0011)))((1(1100)(0011)(0011))(0(1100)(1100)1)(0(1100)(0011)(0111))(11(1100)(0011)))(1(000(0100))1((1100)(1100)11))((0(0001)0(0100))((0011)0(1100)0)((1100)(1101)11)(1(1100)11)))((1(11(0011)(0011))1((1100)111))((11(0011)(0011))(11(0011)(0011))((1100)111)((1100)(1100)11))(((1011)(1100)(0011)0)((1100)(1100)00)(00(0011)(0011))(0011))(0(11(0011)(0011))0((1100)(1100)00)))((((0011)(0111)11)(1(0011)(1100)(1100))1(11(0011)1))((11(1100)(1100))((0011)1(1100)(1100))(11(0011)1)(11(0011)(0011)))((0(0011)(1100)0)((0011)(0011)00)((1100)000)(00(0011)(0011)))(0((0011)(0011)(1100)(1100))0(1100))))
===================================================

