20102010 | 1009998 | 1481892282 | 1484484282
20102030 | 1008826 | 1481892852 | 1484484852
20112060 | 1003982 | 1481892915 | 1484484915
20112100 | 9003298 | 1481892934 | 1484484934
20122130 | 7002973 | 1481892951 | 1484484951
20142210 | 2000998 | 1481892978 | 1484484978
20152270 | 1029384 | 1481892991 | 1484484991
20142220 | 2973861 | 1481893004 | 1484485004
20152260 | 2973017 | 1481893016 | 1484485016
20142240 | 3974627 | 1481893030 | 1484485030
20162310 | 2973671 | 1481893047 | 1484485047
20162330 | 8765416 | 1481893064 | 1484485064
20172390 | 9738001 | 1481893080 | 1484485080
20162310 | 2873676 | 1481893095 | 1484485095
20122120 | 2873567 | 1481893126 | 1484485126
20132160 | 1192736 | 1481893144 | 1484485144
20162340 | 2973722 | 1481893157 | 1484485157
20152290 | 1636788 | 1481893172 | 1484485172
20132200 | 3763652 | 1481893187 | 1484485187
20152280 | 1972673 | 1481893210 | 1484485210
